s	h:m:s	max_rss	max_vms	max_uss	max_pss	io_in	io_out	mean_load
2266.6961	0:37:46	1774.31	7426.06	1768.78	1770.47	9.33	12771.61	2079.06
