s	h:m:s	max_rss	max_vms	max_uss	max_pss	io_in	io_out	mean_load
1858.0852	0:30:58	2764.52	8420.67	2758.99	2760.67	8.37	16505.94	1682.23
